image: map_hospital.pgm
resolution: 0.020000
origin: [-41.960000, -17.000000, 0.000000]
negate: 0
occupied_thresh: 0.65
free_thresh: 0.196

